100759906
100753688
100771278
100756687
100762274
100754434
100760225
100769399
100755598
100753207
100773063
100762297
100750547
100762838
100773572
100754678
100763612
100767695
100752620
100764994
100774596
100769515
262
100752066
100760815
100759648
100765075
100754671
100774865
100689280
100759109
100767312
0001
100761300
100758127
100760062
100769961
100754714
100773080
100751960
100760683
100757890
100766769
100689427
100757665
100767919
100751666
100774834
100761485
4507
100765916
100761706
100768654
100757658
100768367
100756509
100758951
100772304
501
100765516
100772225
201288
4843
645740
100758600
100773901
100750856
100689433
100771382
100762926
100762635
100763954
100765485
100765882
100757642
100765077
100760626
100761203
100757947
100758239
100774025
100754654
100754698
103161104
100768055
100763379
100760506
100768176
100760467
100764163
100689337
2752
100764367
100759948
100689202
100774486
100757970
100773218
100764462
100769224
100768948
100753315
100752849
100766370
100751272
100754773
100754488
635
100772204
100759503
100762555
100765652
100756550
100763091
100689437
2653
100774281
100769585
100774725
100772770
100771827
100773170
100774394
26227
100760751
100755202
8781
100765858
100765356
100759874
100769555
100750446
100751500
100752202
100754545
100755697
100756944
100758744
100759818
100760453
100761001
100761262
100761287
100761490
100761762
100763807
100765415
100765730
100765965
100766645
100767259
100767429
100768199
100769254
100769613
100770742
100771027
100771038
100771677
100771861
100772785
100772867
100773608
100774876
100754097
100753802
100761742
100753889
100768923
100760117
100766923
100763298
100767069
100756378
100759258
100769622
100762304
103158908
100772842
103160864
100757186
100754101
100757371
100755596
100756470
100768227
100763332
222
100759779
3176
100761511
100753375
100750969
100767631
100754476
191
100752127
100762141
100762713
100773025
100751727
100771064
100768334
100761121
100763920
100689314
100770821
100770347
100751959
100689064
100751672
92483
3939
160287
100752327
100772831
100758089
100763416
100771594
100770343
100768542
100765707
100764352
100756246
100763194
100755812
100750552
100756663
100766960
100756951
100689450
100750633
100750757
100758958
100774890
100768307
100764158
100773935
100774965
100756090
100754280
100757066
100758493
100762815
100753174
100760867
103163165
100758099
100762233
100769107
100755501
100752018
100751096
100758244
100761682
100774671
100774291
100758378
100767926
100770567
100758677
100765660
100773768
100769654
100768613
100752954
100764716
100759947
100766778
100762873
100757133
100763323
100769028
100770352
100758911
100752118
100762979
100771190
100753319
100751998
100763004
100768213
100766600
100753359
100689276
100760295
100753925
100755894
100689310
100753545
100689051
100766101
100759724
100755901
100764912
100767957
100760982
100754513
100762430
100754156
100765460
100759832
100767472
100760680
100769834
100755742
100766844
100751282
100755604
100762645
100753811
100769706
100760805
100754072
100767520
100758205
100754830
100752999
100757843
100760363
100762946
100753139
100767495
100755521
100756173
100689016
100766803
100759490
100766024
100759203
100766430
100769786
100770919
100773325
47
100756122
50
100758466
100764862
100769436
100750352
100750580
1431
100754480
100771661
100751753
100772968
3419
103158535
100764431
100750732
100771246
100689402
100774657
100772110
103161641
100751457
100752265
100761589
100751501
100762127
100754270
100750893
100752902
100769754
100758982
100755378
100762277
97
100754978
100767061
100767633
100760081
100756617
125
126
100764101
124
127
100762407
100767929
100759210
100689106
100773774
100763214
100762184
100753219
100766080
100770062
100761944
100757548
5223
100771169
100752856
100758414
2023
100765891
100771717
100760749
100755179
226
103160952
100761248
107977519
100766128
100736557
100767862
100759100
2597
100763110
100765413
100772205
100765901
100765703
100689468
100773493
100774853
100774878
100772790
5162
100758749
100762618
5214
100689467
100755186
375056
100753184
100761029
100771643
100770590
100755461
100751347
5315
100772179
100767338
7167
286016
100751303
100754996
100755485
100769710
100766079
100752744
100774763
100763359
100770052
100689391
100773134
100756945
100772319
100770431
100763024
100760824
100766108
103162776
3979188
100774535
100772366
100771114
100752739
100754380
100771541
100766302
103160361
100757815
100769978
100756936
3979187
100770122
100754752
100768179
100770018
100762406
3979185
3979186
3979189
100770670
100757022
100765757
100768321
100764001
100757101
100766809
100768457
113837268
103161269
100756540
100767351
100764866
100772782
103158861
100756118
100759281
100755207
100767292
100764018
100762701
100761465
100759549
100766959
100761903
100756398
100763079
100772471
100751499
100758725
100758878
100768660
100769017
100767657
100773890
100766611
100774785
100753143
100766805
3979182
100768142
100774773
100750822
100766032
100759002
100763175
100766809100768457
1349
170712
113837643
100762374
100771461
100765588
100751590
100773531
100758144
100753078
100763190
100689328
100754444
100775032
100764988
100760870
100750797
100755602
100770579
100770644
100773563
100767451
100772543
100757306
100762893
100754039
100774095
100757431
100762129
100757916
100765445
100754222
100752642
100759795
100754681
100689361
100757245
100757242
100761076
100754223
100768067
100761333
100773999
100770445
100751523
100766693
100755890
100766880
100766442
100765100
3979183
3979184
3979190
3979179
3979178
3979180
3979181
103160345
103162917
100768936
100755007
100756458
100764109
100768089
100775078
1
100769185
100771604
100766866
100756805
100753544
100689318
100757262
100758120
8574
100763818
103158792
100762399
100750675
51071
100770090
100689469
100765199
100763866
100771420
100774660
100767893
100759137
100759532
5631
100763768
103163025
22934
100756130
100765051
100689344
6888
100772462
100774058
100754020
8277
100770798
100750577
100769825
100753689
100767276
100772306
100750727
100760459
100752172
100754659
100774847
100754895
100755964
100771783
100774844
100774549
100772227
100771949
100760390
100769849
100772435
100752607
100756257
100754196
100755419
100768750
100761890
4953
100771896
100754371
100755665
100756588
100753198
100769680
6611
100772598
100770936
103163371
39
100766362
100764429
100768776
100767580
100754784
100767373
100689317
100752385
100769920
100689275
100771700
100754883
100767405
100766541
100765639
100756363
100762235
100774684
100763147
100755385
100753498
100762189
100770668
266740
100752960
100759060
100771549
100752366
100752668
91734
11283
100751653
100759992
100689192
100764834
103162885
100772592
28
100761765
100766715
100766691
100689430
100689434
100689346
100689435
100773213
100751197
100755714
100751243
100754814
100758336
100759864
100760173
100760260
100760325
100760696
100761532
100762273
100770484
100772214
100772511
100773968
103159649
107978234
100757919
100757047
100751185
103158538
100689278
2525
100689036
100763488
100760161
100764057
2651
2527
2528
100689187
1006891870
100771326
100750766
100774188
100761822
100766505
100770115
100773287
100756663100756951100766960
103158768
103159932
100773731
100770660
100767025
103158732
100755259
100767387
100762811
100759406
100765294
100751391
100752084
100761712
100768385
100753783
100766150
100753866
100689451
100689294
100689420
100772003
100755062
100770096
100772754
100768592
100754028
100682532
100751648
100756134
100752441
100771009
100765573
100768412
100689347
100689438
100753973
100767446
100689373
100772055
100754017
100689054
100773644
100754023
100760162
100760589
100757006
100764014
100769077
100768656
100760456
100682529
100768637
100766200
100774333
100689076
100771275
100753385
100774638
100756512
100689098
100752162
100753910
100767553
100770527
100761494
100754088
100767717
100689440
100689389
100763756
100689301
100689090
100774175
100769679
100771969
100767124
100774815
100757239
100751126
100763868
100767525
100768831
100764127
100762043
100766936
100753226
100773797
100768523
100757219
100758359
100772146
100765247
100759781
100767393
100764829
100750837
100761752
26290
8693
100761169
56913
100763224
103164123
113836690
100763224103164123
113830741
100755033
100764752
100753417
100765129
100774283
100757071
100768670
100774953
100772246
100760543
100758512
100758272
100753318
100752414
100752718
100765249
100750932
100774024
100762397
100762875
100771257
100751670
100762253
100761516
100768564
100770708
100771074
100757873
100759830
100757130
100755423
100768929
100751522
100772187
100764152
100767807
100757819
100763541
100767777
100753284
100756872
100773727
100752314
100757472
100770659
100751193
103161689
103160327
100767419
100759418
100770004
23563
4166
100774066
100758880
100751120
100772590
100767270
100752348
100689392
100756691
100769144
100766628
100773646
100766062
1515
100765407
100751823
100756995
100759190
100767305
100756958
100757212
100767833
100758687
100764076
100772985
100772144
100772355
100758582
100750978
100756456
100756793
100766609
100768107
100760611
100774702
100754061
100772620
100767681
100770977
100768521
100763455
100764560
100751809
100769287
100774072
100754421
100773586
100772328
100769337
100768098
100760877
100773315
100751568
100761329
100755922
100762532
100760469
100773497
100751933
100762813
100756840
100771767
100751157
100774485
100774563
100759687
100770087
100764374
100767740
100754542
100764854
100758086
100761902
100774204
100771845
100756294
100766993
100760258
100750730
100752188
100755534
100760095
100768531
100755800
100759983
103164350
100752851
100772469
100761931
100770099
100774580
100752024
100755838
100755929
100769764
100751027
100764478
100765320
100754824
100689338
100758551
100769717
100758656
100772741
100772486
100752094
100755573
100773441
100759464
100760366
100766818
100758721
100765201
100755756
100757865
100756143
100774451
100763153
100763221
100774807
100759316
100752731
100756992
100769535
100757188
100751271
100762536
100754828
100750781
100751453
100752125
100752216
100752531
100752633
100753422
100753442
100754333
100755257
100755361
100755376
100755577
100756233
100756593
100757007
100757114
100757443
100757499
100757670
100758361
100758513
100758694
100758766
100758996
100759286
100759761
100760492
100760691
100760949
100761071
100761077
100761353
100761406
100761425
100761852
100761948
100761968
100762307
100762602
100762639
100763215
100763249
100763558
100763640
100764294
100764354
100764365
100764470
100764538
100764809
100764837
100765227
100765394
100765417
100765509
100765899
100766206
100766403
100766433
100766961
100767961
100768086
100768141
100768862
100768982
100768991
100769474
100770038
100770533
100770939
100771077
100771960
100772330
100772443
100772604
100772860
100772907
100772936
100773051
100773417
100773599
100773751
100774028
100774758
100775069
103158664
103163089
113830649
113830718
113833604
100771893
100757649
100771538
100756898
100756607
100757481
100770781
100761196
100751632
100774679
100752019
100750530
100753389
100751356
100771188
100765235
100756109
100766519
100775000
7001
5052
2879
100766810
100764638
100773693
100753200
100763802
2679
100752451
100764088
100758668
100752303
728441
102724197
100766328
100760127
100752294
100770626
100751123
100757792
100774668
100754867
100751941
100751071
100753739
100774757
100765192
100764411
100759668
412
100774957
158584
100774376
100768220
100752686
100756680
100759566
100769821
107979660
100771752
100771070
100765774
100759157
100760212
100765484
113830655
100760504
100754111
100754402
100760000
438
100773211
100757019
100757689
100761491
100771448
100766710
100760763
100755464
113837179
100773186
100689173
100762108
103163077
100760748
100770625
100755837
100758983
100758914
100763313
100769025
100765877
100771720
27233
100773805
100772925
100753681
100751269
100759241
100755851
100754177
107976996
1557
100771266
100773005
100764455
100774867
373156
100755392
100767923
100763947
100768126
100759594
100750644
100764118
100758693
100761411
100769643
100757944
100766004
100764526
100774391
100762426
100760905
100768410
100750340
100751325
100763430
113832765
100751798
54600
10720
7367
7363
100763538
54578
54657
54659
54579
7365
7366
54490
54577
54575
9588
4353
100762102
100774799
2098
100774614
100765856
100770803
100767985
100770830
100754969
100768667
100689315
100756415
100682536
100767558
100762480
100689220
100766754
100774298
100751085
100753765
100756998
100689396
100763203
100761164
100763775
100736552
100765055
100763971
100763450
100772030
100768407
100775004
100772122
100756769
100752961
100763623
100771517
113839441
100756399
100755815
100774015
100689351
100689208
100761226
100689407
100754706
100774860
100755842
100689330
2352
85320
100765800
100766093
100752749
100760370
100752493
100752445
100770013
100755796
100761966
100754792
100758335
100758998
100751684
100774101
9153
100773187
100682535
100763292
100751265
100774607
100750672
100763738
100757887
100767453
100766212
100768097
100772970
100765000
100772148
100750391
100755982
100751442
100770598
100766192
100765307
100751820
100763714
100765106
100772976
100756356
100760826
100766001
100763902
100769905
100752115
100769511
100689188
100769795
100751194
100758864
100769158
100762871
100762288
100762550
100772617
100689176
100771829
100772257
100772552
100767098
100754504
100774950
100765865
100765567
100760403
100761922
100757803
100762656
100770731
100760895
100767052
100770833
100752285
100689464
100769790
100760747
100760123
100755339
100765026
100757463
100773217
100768549
100763633
100761503
100756137
100759670
100764868
100764066
100753233
100774121
100765404
100760799
100765653
100756309
100774474
81693
100761450
100754190
100752129
100774029
100769769
100754687
100772184
100769759
100758035
100762360
100756648
100755303
100766909
100762500
100752884
100755187
100763093
100768315
100754134
100774299
100774665
100763970
100756094
100765179
100765359
100773930
100766003
100760638
9114
51382
9550
100759479
100759710
100759996
100760289
100760429
100764094
100767253
103158809
100769239
100773024
100758204
10166
100773145
100769087
100751779
100750759
100761654
293
292
100774187
100765792
100761812
100765870
100762628
100759230
100763005
100771144
100750995
100689038
100756078
100771487
100771780
6579
100770143
100753263
100760229
100764885
100762019
100757777
100764464
100761230
100765601
100767335
100754900
100754506
100755962
100760402
100757917
100757051
100758673
100773231
100767935
100752334
386757
100753777
100755213
100754404
100689094
100689242
100770719
100767730
100764546
100765887
100759612
100770570
100766656
100753506
6515
100689322
100766177
100759029
100761558
100764208
100774864
100762198
100765147
100758396
100755431
100770346
100757367
100773003
100774258
100773221
100756146
100772065
100759262
100760145
100764508
100770310
52
100751774
100757046
100769171
100750908
100756706
100773299
100761956
100752981
66035
100758999
100750825
100767281
100770888
100769919
100772406
100753159
100769988
100758232
100753164
100767455
100765125
100689057
100689041
100769391
100689191
100759460
100773918
100768567
100769228
100769616
144195
100750542
100759273
100758893
6526
100760313
100773912
100756172
100763319
100751558
100760137
100758981
100759799
100774471
100752599
100770342
100762692
100773344
100750886
100764175
100762427
100752461
100755180
100767310
100770901
100766143
100767384
100750430
100765522
100761139
100754451
100769104
100752143
100762553
100767370
100760812
100761683
100761969
6584
100689382
100754505
100750532
100750358
100757783
100756941
100752846
100759278
100751220
100770867
100770995
100762166
100767138
100770034
100757510
100689424
100770757
100754813
100765544
100765829
103159499
100766757
100689031
103161516
100689399
100753604
100774248
103159861
100762932
100764967
100759194
100756772
100757617
100750437
100751159
100764745
100771685
100768413
100689246
387775
100774195
100761245
100758971
100689412
100762124
100774203
100758528
100763679
100758514
100750440
100763102
100760930
100769981
100759611
100761641
100758980
100758689
100758598
100770799
100767752
100751172
100770734
100751465
100769696
100770274
100752040
100769119
100756335
100757832
100754688
100761310
100773077
100760718
100758209
100763191
100763478
100771378
100757379
100765669
100762833
100755928
100757298
100689320
100757585
100766142
100768229
100761317
100755156
100766358
100758081
100758236
100764911
100773154
100752949
100762640
107977131
100764399
100761861
100769027
100767475
100763581
100756251
100756975
100751875
100757984
100759968
100765138
100767948
100761170
100773257
100756336
100770749
100766724
100767330
100754427
100771510
100764155
100758269
100767088
347734
100762387
100759806
100766714
100756279
100766986
51660
25874
100759942
100755690
100766250
100758091
113836784
100756142
100755263
100755554
100759469
100755850
100771562
100689023
100689024
100689025
100773189
100758921
100771580
100768258
100767638
100757023
100762475
100758803
100755845
100757983
100764091
100756633
100757714
100771284
100771880
100755754
100775003
100758020
100757558
100765478
100763232
100751278
23169
100762444
100754527
100773795
100774089
113833667
100756934
100759470
100689394
100689030
100753849
2350
100752560
100764394
100769198
100764690
100770058
100752281
100750884
100689360
100751155
100755397
100775027
100774627
100759674
100767442
100768099
100752157
100758147
100764156
100751461
100774781
100753680
100754926
100766982
100767136
10599
6578
6580
100772645
100751596
6576
83884
1468
100765314
100754811
100768771
100768798
100767141
100773397
100751581
100689028
100764351
100768444
100760350
100774947
100759877
100771741
100773401
100765162
100759583
100756186
100762147
100772460
100760372
100755549
100774981
100769559
100768365
100755985
100769131
100755300
100768979
100766418
100771815
100756392
100761747
100765603
100758718
100756973
100756666
100762115
100753746
100750935
100765753
100767488
100756748
100762673
133688
167127
100762963
54576
100766772
100689311
2944
100761577
100773906
100751871
8608
100757118
100759393
7364
100769100
113838852
100772371
100773611
100762326
100767494
100751940
100763644
100750518
100751104
100774575
100767410
100764721
100755599
100753308
100768396
100751202
8566
100752401
100757688
100766426
100758427
51022
100751280
100751853
100773278
100760414
100772751
100751162
100750743
100751584
30100754813
100767060
100755154
100761464
100753522
100756252
100770305
100689199
100768417
100764604
100773433
100753824
100758278
344967
100753128
100774222
100763456
100759323
57834
100772743
100773614
100761725
100774306
100767789
100751803
100752322
100756133
100756477
100757061
100758084
100758234
100758519
100759096
100759379
100759743
100759860
100760755
100760924
100761046
100761687
100761952
100767165
100771104
100771391
100771682
100772096
100772516
100772895
100771587
100760306
100752840
100760375
100760802
100767337
100770721
100771367
100755324
1646
1645
8644
100770100
100758590
100689022
100758328
10588
100762089
100763862
286297
100767336
100764408
100773226
100762786
100287639
100760811
100770086
100774930
100769495
100750667
100750903
100751196
113833527
103159088
100750756
100767749
100762703
100767396
6697
100757328
100766524
1558
100750508
1548
100769024
1559
100769255
1555
1549
100771787
100754462
1573
1553
199974
100766854
100772193
66002
100759107
100764249
100766034
100750357
100759236
100757858
100754357
2940
100753172
100768553
100750691
2938
2939
100750792
100751755
100751175
100762502
103163344
100689021
100772358
100774146
100689207
100758439
100769182
100758652
100753943
30
100762904
100753124
100689225
100774097
100763159
100766828
80724
100763073
270100763159
100770943
100759026
100767527
100757202
100770744
100769809
100769525
100752768
100761882
100772859
100773723
100753222
100752371
100774016
1329012
100773350
10455
100757464
100768175
100750890
100772984
100757171
107977238
100773095
100767445
100758196
100761613
100765511
100765986
100774213
100755723
100751492
100752583
100767739
100755056
100751305
100767354
100755162
100760496
100773264
100762894
100773126
100773414
2182
100754767
51703
100767465
100754940
100774317
100774858
100763438
100753555
100764278
100772448
100765668
100752449
100774830
100751291
100761652
103158536
100766230
100758702
348158
100765057
100761779
100763166
100771290
100764916
100754473
100772492
100764620
100756865
100767329
100771171
100756541
118238884
100753223
100763447
100753225
100753227
100753228
100753229
100753230
100753231
100753232
100753234
100753235
100753236
100753237
100753238
100753239
100753240
100753241
100753242
100753243
100753244
100753245
100753246
100753247
100753248
100753249
100753250
100753251
100753252
100753253
100753254
100753256
100753257
100753258
100750940
100750593
100751184
100753542
107980305
100770447
100761937
100753937
26062
100751897
100759191
100765198
100774732
100757425
100757710
100759625
100760500
103160644
100752205
100756754
100758369
100761051
100763432
100765177
100765466
100766341
100766632
100771756
113833875
100750408
100758494
10965
100773294
100774836
641371
100774219
100771343
100755743
100773932
100767345
100766043
100767514
100764768
100764471
100765441
100762876
100689020
100752270
100689019
873
100754187
100761707
246
100753466
100761732
100755384
100773031
100773326
100774594
100755116
100753500
103162531
4056
100767149
100768035
100762704
100774202
100758776
100770965
100757024
100755514
100774527
100771106
100774782
100772642
100762968
100756154
100755863
100752083
100753186
100768545
5973
100761974
64841
100758117
100762575
100767837
100764540
100768228
100751531
100766218
100771907
100760661
100774466
100761133
100689210
103161867
103161868
103163420
100767191
103159270
2673
100763471
113830648
100689348
100759306
100768154
100771350
100757362
100767663
100763345
100759794
55454
100767598
100769652
100754874
100760284
100689334
100751585
100750701
100689419
100756696
100751999
100761218
100770000
107977047
100759378
100763965
100770573
103160380
100765580
100766299
103160379
103159083
103160009
113836795
100762689
103162797
100771243
103163173
100771304
113189
100756878
100759604
107980432
100769105
100768825
103159994
100754096
100762756
100761571
100768313
100771835
100752219
100689436
100772950
100752057
100768603
100751771
100763881
100765276
100760573
100764596
100765196
100751427
100765605
100755610
100757611
100755391
100752593
100751055
100757895
113833756
100766318
100767001
280
278
276
277
279
100769016
8972
100767063
100751671
100770628
100769788
8908
100772279
100753288
100769186
100757350
100760126
100770506
100765700
100770033
100755105
100769303
100773620
100759542
100757546
100770290
100770571
100772585
100767827
7358
100755955
107977577
100760728
107977040
100768429
100761591
100752542
100758717
100759346
100761703
100760489
100767050
100752880
100774576
100756723
100760312
100774512
100755987
205
100764561
100773811
100770498
103158658
100768998
100765958
100768368
100756132
100751372
100767272
113837458
100736551
100772118
100767531
100766764
100761555
100762413
100764888
100689060
100767083
100751825
100774910
100757901
100758386
100769146
100772668
100771642
100751454
100762593
100765414
100755122
100774047
100758964
100689101
100754740
100760992
83549
100689250
100754791
100768838
100756254
100769832
100766785
100751299
1633
100770439
2987
100769222
100768978
100756461
100755382
100763274
100755252
100689285
100758277
4860
100761578
100768122
1854
100758075
100765304
100756126
100750501
100752423
100754759
100755503
100757969
100772356
100774587
100769238
100768699
100772822
100752832
2974
100773010
5438
100765719
100765374
5068
100761930
100756835
100761098
100771308
100761854
100760550
100689398
100767250
100771637
9583
107980392
100765914
100765627
100752009
100762945
100763307
100774762
100757593
100765193
100757075
100755966
100772070
100768928
100759374
100753496
100767091
100763065
100689193
100750420
100751551
100753277
100754362
100755939
100756511
100759696
100759944
100760222
100762910
100770327
100774584
100774886
100774969
100775064
100755315
100765436
100766007
100762641
100752813
100764811
100762580
100753606
1007654360
100764720
100757729
100766626
100763963
50484
100767620
100754276
7298
100770105
100765665
100769768
100689446
100526794
100750866
100758683
100774216
100770922
3284
100766917
100761447
100770348
100771066
103163008
3283
1109
100772350
100767691
100751624
100751331
100751913
6822
100768666
6783
100752606
1584
1585
100754734
100766725
100767644
100772588
100768882
107977023
100771648
100762380
100751520
100752374
103160118
100760315
100773663
100767954
100756809
100753140
100770084
100764600
100765959
2713
100772527
100750762
100773070
100761349
100761973
100689449
113830817
100769277
100761111
100766858
100750801
100751451
100770679
100689404
100763114
100752582
100770231
103164050
100771798
100760699
100750927
100753361
100763368
100761810
100750655
100761392
100761128
100765024
100759003
100772716
100768200
103161085
100770825
100757074
100755288
100759021
1178
29124
100770286
100774126
100756174
100764774
5049
100769497
100768815
100751009
100756894
100750926
100753298
100772168
100758487
100765223
100764086
100755254
100756055
100770133
100766663
100754559
103158591
100770894
100770605
100751421
100763234
100768312
100756208
100761489
100754712
100767324
100754426
100755005
100764593
100754136
100753835
100761323
100765755
5320
100689093
100762075
100763873
100689448
102495669
100771779
100752746
100757875
100768265
100760327
100759507
113836808
100770430
100771387
100757224
100769284
100769779
100753343
100765113
100771821
100751991
100753881
100752709
100750723
100773449
100762572
100774295
100772808
100751688
100754943
100766440
100761441
100756367
100751905
100756438
100771256
100768920
100764682
100766856
100754838
100759381
100759065
100757138
100762285
100762467
113836307
100757466
100772408
100768002
100764842
100761026
100770177
100750622
100756446
100759780
100764165
100756717
100764591
100765030
100760192
100751972
100752848
100758176
100761840
100763563
100764192
100771660
100773753
100752211
100765093
100760537
100756307
100773523
100760677
100761433
100765172
760
765
100756009
100770226
100755025
100754337
100753475
100757439
100760271
100764843
100772935
100765231
100769484
100769660
100771250
100753655
100750845
100754841
100766487
103158725
100767712
100753348
100689463
100752502
100755246
100758989
100756523
100757141
100754496
100764708
100754618
100750910
100754334
100771772
100758523
100756704
100768120
100768951
100761947
100758810
100758070
100771238
100768145
100770363
100770478
100758613
100765286
100765020
100765874
100757368
100771478
8287
100756675
100765174
100765820
100768281
113836802
100763346
100763480
57663
100763595
100772643
100765354
100759035
100772571
100755261
100759784
100758286
100753287
100751435
100767485
100764216
100768395
100765702
100769154
373856
100768766
100754655
100771034
100753531
100766617
100762852
100753049
100769056
377630
728386
728419
100766236
100287513
391627
100752038
100763589
100760940
100768481
100758416
100767869
100751183
100767969
100761596
100758459
100756962
100769118
100755507
103160352
100751958
100773215
100771287
100754089
100768509
100764110
100751263
100761964
100769516
100769328
100757403
100763856
100757014
100760689
100762999
100754256
100750683
100753354
100775067
100766406
100758489
100772863
100760778
100750431
100772726
100768719
100755053
100771522
100754551
100773704
100751402
100757349
100754737
103162332
100767479
100772382
100774600
100759885
100689237
100757011
100760329
100750407
100752124
100773103
100773570
100757929
100762194
100764381
100764402
100758957
100767306
100771525
100769040
100757523
100757519
100761486
100773800
100774783
100770120
100769757
100762975
100750589
100767617
100752767
100761198
100765264
100763851
100767400
100751369
100754677
100772607
100754006
100756784
103162266
100759599
100762229
100765358
100762841
100758009
100758073
100752226
100753623
100753260
100770152
100759020
100754600
100762724
100756751
100772288
100753214
100769170
100762626
100768172
100750390
100765313
100752017
100759889
100771315
100754452
100760863
100753549
100769372
100772199
100754292
100772185
100762619
100767156
100762505
100761460
100771778
100752992
100760884
100762350
100756561
100756709
100770562
100760215
100766488
100773133
100766232
100770619
100766861
118238400
100765997
100764359
100770289
100763741
100762394
103163635
100774026
100761760
100773643
100765733
100766578
100761484
100765164
100772025
100761551
100766521
100757912
100774284
100759706
100770542
100762395
100761445
100766686
100773432
100763474
100760904
100760101
100757543
100758589
100758154
100758490
100752432
100761004
100767554
100763278
100768635
100773691
100759307
100766921
100753635
100763632
100771014
100760125
100774375
100774301
100755641
100768669
100757160
100752280
100773511
653598
730262
644591
100758293
653505
100758406
100755963
100766443
100766446
100756400
100770451
100751361
100755152
100762260
100756283
100774478
100772054
100774568
100773467
100768382
203611
100771722
100770092
100757223
100760447
9085
253175
100761603
9426
100751586
100757784
100756318
100761709
100752403
100764268
100756034
100762929
100751827
100759289
100767894
100762308
100770750
131890
100750718
100767055
100755055
100754861
100773166
100767996
100770876
100757713
100755381
100774316
100759338
100756019
100767722
100761676
100751580
100750993
100753048
100753345
388714
100750494
100754185
100761381
100762846
100763413
100758762
100770270
100774056
100758973
100689282
100761290
100762552
100759235
100771434
100754520
100771725
100770329
100752342
100755768
100755998
100760827
100770162
100755692
100752589
100764517
100761761
100760159
113831071
100773236
100762250
103158569
170685
100753131
55190
100768833
100760027
100768559
100766449
100766459
100762934
100757962
100754604
100751248
100763374
100756760
100751001
100760968
100773012
100772244
100764964
100757909
100769772
100769205
100758835
100753201
100755657
100767468
100754441
100765772
100762470
100772207
100756860
100770074
100752705
100764603
100763424
100761058
100773612
100772899
100768997
100756365
100767885
100769644
100769190
100754991
100766242
100774552
100774215
100751432
100772524
100753074
100759097
100764060
100774357
100764727
100768473
100761359
100763285
100767434
100769818
100752689
100770540
100757928
100764390
100689341
100759593
100769766
100759514
100767891
100761272
100772733
100757702
100759365
100770198
100754135
100762236
100769331
100761115
100753149
100767615
100751944
100750488
100763795
100766308
103164072
100769608
100762186
100768351
100763335
100756729
100764515
100758649
100770918
100772727
100771734
100750332
100759538
100773792
100754361
100772418
100765904
100762243
100689104
100752740
100752955
100759963
100758298
100765868
100774379
100755103
100761888
100758565
100767978
100771865
100754386
100756168
100771995
100757648
100752454
100755170
100751300
100770849
100765813
100771433
100771631
100772485
100759330
100770735
100774605
100755517
100752729
100689039
100756930
100765917
100762222
100750596
100761172
100762950
100771831
100763206
100768712
100752056
100760399
100768062
100758732
100772359
100769018
100769574
100759285
100759895
100768340
100758847
100769780
100758629
100755149
100767265
100761252
100762146
100754068
100759043
100774341
100772657
100764812
100771488
100767301
100757719
100753511
100761116
100759305
100758984
100763928
100774629
100753865
100764896
100765738
100758937
100772477
100752881
100751124
100771894
100765960
100769460
100774595
100760135
100767097
100761646
100771548
100750503
100753472
100771294
100764902
100751131
100763272
100767503
100754226
100751099
100774226
100760686
100773714
100765727
100770730
100774010
100751801
100766006
100768506
100772764
100754073
100758610
100763519
100754771
100752584
100771486
100757303
100752023
100757073
100757365
100769931
100758772
100774415
100762577
100750354
100767909
100752417
100762218
100759237
100771030
100773953
100754593
100765819
100770428
100774348
100762907
100762130
100764723
100774970
100750736
100689388
100758520
100760922
100760676
100758448
100773624
100773013
100761105
100772478
100757359
100772514
100772559
100754772
100766716
100764661
100763552
100758107
100765343
100756276
100762677
100762491
100769140
100766256
100760227
100772932
100750954
100750680
100766883
100753283
100751503
100751831
100758872
100753989
100760910
100772409
100763487
100770091
100769280
100756471
100773909
100762119
100762088
100759172
100768252
100754042
100770073
100764792
100760461
100769548
100761153
100766355
100752822
100752376
100751891
100757447
100766179
100762055
100773684
100753508
100764519
100768271
100763034
100756171
100752011
100756080
100752307
100754432
100766643
100750772
100773089
100759733
100761879
100754973
100764255
100760513
100750924
100750559
100751541
100758939
100773654
100757400
100764987
100768018
100752643
100751412
100763199
100757874
100758739
100773641
100768746
100771272
100761807
100752571
100751900
100754751
100771425
100762767
100763205
100763686
100770979
100762523
100761266
100760810
113836769
100765556
100760735
100761524
100773706
100758873
100750483
100751275
113833388
100768191
100770748
100766255
100766687
100753458
100771411
100689343
100773412
100759231
100757939
100760505
100759544
100759838
100761399
100761459
100763140
100763617
100764100
100764594
100764981
100765081
100765464
100765571
100766045
100766249
100766339
100766630
100767211
100769145
100769250
100769432
100769715
100769732
100770009
100770025
100770294
100770313
100689033
100689035
100751762
100752064
100754807
100756757
100763642
100764171
100767391
100772776
100773059
100773351
100774408
100774698
100756678
100757956
100751286
100773198
100773480
100752227
100689102
100753846
100764157
2512
2495
100774277
100774234
107978331
100773651
8418
100774083
100753220
100767563
100751382
100761681
100757667
100757381
100756609
1200
118239120
23430
100762211
103158533
100759787
100760248
100763652
100765152
100758189
100766850
100770206
100750844
100770704
100766881
100751678
100754626
100772029
100757898
100756404
100750608
8875
55350
100766343
100768962
100759055
100763903
100756695
100752292
100753756
100758638
100758995
100759373
100760822
100763030
100772123
107977536
107977589
100771407
100757346
100770630
100757103
100759929
100759641
100756372
100751938
100755696
100773468
103160971
100771233
100761270
100767492
100755205
100767696
100751894
100773335
54981
100764271
100766566
23530
100750895
100758991
10606
100766149
100768251
100760149
100760443
100771073
100762187
100760956
100689232
100762944
100754972
100751791
100756632
100752636
100755197
100759148
100765169
1806
100764380
100758848
100773030
100766612
100756786
100752663
100757152
100765715
100772931
100755925
100764266
100771311
100767908
100764482
100758970
100763494
100750776
100762279
100755903
100529261
100752295
100752221
100765763
100774789
100762824
100769865
100759356
100754260
9420
100753259
100758424
100760138
100769688
100750356
100751939
100752487
100759511
100761032
100751357
100774971
100764893
100765524
100689380
100766326
100761996
100761041
100765538
100772999
100760756
100773712
100769477
100763403
100769454
100752242
51227
5277
100753123
100756350
100767102
100754324
100774578
100770462
100773997
100758912
100754567
100771068
100765841
100763715
100771298
100753569
100760423
100770521
100756635
100772646
2629
100762757
100767659
100772458
100760777
100756528
100766871
100769904
100689029
100769990
100689326
100689415
100770263
100774790
100762053
100755276
100755684
100753418
100760557
100771550
100766719
100760913
100764454
100689217
100689432
100758206
100761743
100763383
100754963
100761374
100751227
100761083
100764709
100770225
100759869
103158988
100772235
100757336
100751260
100757135
103158870
103159043
107978852
100689325
100758724
100752522
100771156
100767825
100759730
100756731
100767367
100753962
100764568
100771005
100750575
100758055
100760595
100763780
100761878
100754103
100760424
100772952
100774155
100753294
100765697
100767175
100773097
100755145
100773206
100765465
103159723
100754544
100765637
100774411
100764840
100769417
100762175
100755739
100766720
100752256
100769695
100763844
100768993
100762939
100765284
100774081
100764465
100756410
100766475
100753146
60559
9789
100768510
100751161
100757720
55217
100757635
100757923
100774221
100770125
100775017
100755703
100757934
103162274
100764142
100759847
100751213
100760581
11112
100763658
100752344
100771229
100756739
100763022
100765277
100766113
100771204
100772647
113833845
64064
100759926
100765530
100757273
100774340
100766065
100768751
100773592
100759957
100767921
100768211
100768783
1579
100689034
100751422
100761523
100770104
100762316
55613
100752687
100775059
100758814
100766683
100754286
100772102
100761595
100768438
100772629
100756852
100752710
100759513
100759816
100769408
100772883
100767441
100760280
100756277
100755765
100751850
100757174
100760037
100761777
100764735
100759837
100767245
100771589
100755639
107977052
100770355
100774983
100772914
100763112
100760520
100767831
100756245
5728
100764873
100774472
100689251
100689252
100769225
100750761
100771181
100774067
10870
100765862
100751224
100757444
100767770
100774848
100754031
100759620
100763459
100760460
100754217
100752475
100770957
100751979
100760134
100769697
100772560
100751872
100760731
100769053
100751509
100751518
100765741
100758392
100772576
100752644
100771582
100759325
100766703
374875
100761860
100758827
100752182
100756740
340811
100767058
441282
100765091
100765292
100760320
57733
100775005
100761469
100770474
100754164
100768932
9390
100768387
100756785
100760987
100689303
100770553
100770695
100755018
100767436
113833799
100755575
100766811
100765795
100758170
100762028
100756213
100768515
100761885
100755147
100763404
100771223
100774547
100768954
100764848
100761387
100762698
103159291
100774395
100774705
100770138
100761455
100754947
100689395
100773810
100758292
100771270
