100762926
100771382
100762635
100763954
100755116
100751280
100751853
100773278
100760414
113830655
100763450
100772030
100769224
100768948
100753375
100756680
100689064
100770347
100751959
100769710
100770821
100751672
92483
3939
160287
100768407
100775004
100772122
100756769
100752961
100763623
100771517
113839441
100761641
100764862
100758466
100689437
100769436
100753689
100750352
100758921
100756399
100755815
100760081
100767633
100767929
100759594
100767061
100759210
127
125
124
126
100764101
100689106
100770626
100768667
100689315
100774015
100768227
100763332
100756470
100757371
100755596
222
100768220
100765485
100751162
100774578
100689207
100757947
103161104
100754698
100769100
100759566
100757273
100759780
100761491
100769821
107979660
100762838
100771752
100771070
100761742
100764709
100760815
100759648
100774277
100774234
107978331
100763920
100756404
100757346
100763644
100751531
100768228
100758439
100769182
100766212
100768097
100751520
100765882
100757642
100762297
100764994
100689351
100769643
100764411
100759668
100759957
100773186
100760123
100772257
100689208
100753164
100751624
100751331
100751913
6822
100757130
100689407
100765774
100759157
100760212
100765484
100760504
100756509
100757658
100765516
100772225
100758951
100754111
100754402
100774860
100755842
100689330
2352
100770462
100771969
100761203
100750893
100770305
100772592
28
100761706
100768367
100768654
100765800
100766093
100752749
100760370
100752493
100752445
100765829
100758239
100754813
100753943
100770936
103163371
100760000
39
30
100762904
100753124
100689225
100752902
100769754
100772576
100756415
100752083
100753186
100768545
5973
100761974
64841
100758117
100762575
100752487
100752620
100770679
100770013
100773325
47
100767837
100764540
100757887
100689391
100766218
100689199
100763159
100759026
100767527
100770943
100766828
100774097
80724
100763073
270100763159
100759847
100751213
100767060
100752768
100770744
100755154
100758652
100773433
100769809
100769525
100752371
100761882
100772859
100773723
100753522
100753222
100761464
100764165
100765707
100766024
100759203
100756122
50
100766043
100773599
100765000
100765891
100758982
100755378
100762277
97
100763738
100756254
100761966
100754792
100767453
100758717
100759346
100761703
100760489
100767050
100752880
100774576
100756723
100760312
100774512
100755987
205
100774596
100769515
262
100764561
100773811
100770498
103158658
100768998
100765958
100768368
100756132
100751372
100767272
103162985
100736551
100751684
100774101
100758335
9153
100772148
100750995
100772118
100767531
100766764
100761555
100773187
100765665
100750391
100755982
100765307
100767138
100770034
100762166
100766757
100762413
100764888
100689060
100767083
100751825
100766691
100769077
100762253
100760456
100751193
100773213
103161689
103160327
103159649
100771907
100771779
100772306
100773070
100758206
100752746
100752066
100751939
100761743
100757875
100763383
100754963
100769688
100755485
100756809
100759906
100753688
100771278
100767825
100750969
100767631
100754476
191
100756663
100756951
100766960
100750552
100773287
100756663100756951100766960
100750895
100758991
10606
100751442
100770598
100766192
100750672
100770100
100768666
1645
1109
100770348
100760626
100760826
100763902
100751194
11254
100769905
100770225
100753315
100752849
100766370
100760506
100768176
100759231
100757939
100760505
100766178
100754221
100769511
100689188
100769795
100758864
100769158
100762871
100762288
100762550
100772617
100689176
55089
100771829
100772552
100767098
100754504
100760403
100768258
100756617
100773005
100762407
100772304
100751303
501
100751774
100771587
100751196
103159036
100750903
100764620
100761707
100764916
100754473
246
100772492
100751272
100751755
8574
100758278
100689450
100769239
100756446
100774910
100757901
100758386
100751632
100766318
100767001
280
278
276
277
100765887
100759612
279
100769146
100689318
100757262
100758120
100765567
100774950
100754190
100752129
100765865
100765075
100754671
100774865
100750727
100760459
100756687
100762274
100767723
100768428
100773024
100758204
10166
100767312
100754567
100771068
100765841
100773997
100758912
100757803
100761922
100762656
100754434
100770731
100760225
100764751
100771333
100689232
100755598
100760895
100767052
100770833
100752285
100689464
100769399
100753207
100773063
100750547
100767438
100774650
100756717
100764591
100772668
100771642
100751454
100762593
100765414
100755122
100770431
100763024
100760824
100766108
103162776
3979188
100774535
100772366
100771114
100752739
100754380
100771541
100766302
103160361
100757815
100769978
100756936
3979187
100770122
100754752
100768179
100770018
100762406
100769769
100754687
100772184
100769759
100758035
100762360
100756648
100755303
100766909
100762500
100752884
100755187
100763093
100768315
100754134
100774299
100774665
100763970
100756094
100765179
100765359
100773930
100766003
100760638
9114
51382
9550
100773145
100769087
100751779
100750759
100761654
293
292
100769790
100736552
100763971
100761822
100766505
100770115
100754978
100756438
100751197
100755714
100761765
100766715
100689430
100689434
100689346
100689435
100751243
100754814
100758336
100759864
100760173
100760260
100760325
100760696
100761532
100762273
100770484
100772214
100772511
100773968
107978234
100774815
100760161
100764057
100757919
100756252
100756541
100752840
100765478
100760747
100759730
100760350
100774947
57733
100774340
100766065
100773731
100768265
100760327
100759507
100772055
100767446
100753973
100689373
100754773
100754488
635
100774298
100689220
100767558
100768929
100751522
100768002
100757328
100758590
100766430
100774047
100755324
100765026
100762944
100773217
103158768
103159932
100766328
100755339
100750776
100750446
100751500
100752202
100754545
100755697
100756944
100758744
100759818
100760453
100761001
100761262
100761287
100761490
100761762
100763807
100765415
100765730
100765965
100766645
100767259
100767429
100768199
100769254
100769613
100770742
100771027
100771038
100771677
100771861
100772785
100772867
100773608
100774876
107977577
100763541
100755575
100768603
100772950
100689337
100758196
100761613
100765511
100765986
100774213
100760192
100689016
100753811
100755901
100759724
100762430
100767957
100769834
103158870
103159043
107978852
100752374
100751096
100752018
100754280
100755501
100757066
100758099
100758244
100758378
100758493
100762233
100764158
100769107
100773935
100774671
100774890
100774965
103163165
100763818
103158792
100753389
100760728
107977040
100760375
100760802
100767337
100770721
100771367
100689033
100689035
100751762
100752064
100754807
100756757
100763642
100764171
100766854
100767391
100772193
100772776
100773059
100773326
100773351
100774408
100774698
107977085
100750593
100751184
100753241
100753542
100768175
107980305
100757202
100751820
100763714
100765106
100772976
100755933
100751972
100752848
100758176
100761840
100763563
100764192
100771660
100773753
100752205
100756754
100758369
100761051
100763432
100765177
100765466
100766341
100766632
100771756
103161923
100757425
100757710
100759625
100760500
100771549
103160644
100770798
100757439
100759544
100759838
100761399
100761459
100761747
100763140
100763617
100764100
100764594
100764981
100765081
100765464
100765571
100765753
100766045
100766249
100766339
100766630
100767211
100769145
100769250
100769432
100769715
100769732
100770009
100770025
100770294
100770313
100766149
100756695
100757186
100762304
100763298
100766923
100767069
100768923
100769622
100752292
100753756
100758638
100758995
100759373
100760822
100763030
100772123
103162885
107977536
107977589
100752414
100752718
100753318
100758272
100759479
100759710
100759996
100760289
100760429
100764094
100767253
103158809
100756009
100750494
100751286
100751580
100753048
100753345
100773198
100773480
100773611
100750844
100770290
100770571
100772585
100761111
100766858
100773987
100766362
100769988
100774025
100754654
100768055
100764429
100768776
100767580
100754784
100767373
100762198
100756137
100774187
100765792
100761812
100765870
100762628
100759230
100763005
100759670
100764868
100764066
100753233
100756356
100766754
100774121
85320
100765030
100765077
100775005
100761469
100773774
100765404
100760799
100765653
100771144
100751940
100763214
100762184
100753219
100760467
100689020
103163344
100752270
100689019
100689021
100753466
873
100750801
100761349
100761973
100750762
100759003
100763715
100689038
100766001
100762824
100756785
100750633
100750757
100760987
100689303
100770553
100766177
100771487
100771780
6579
100756998
100689396
100770143
100753263
100760229
100762480
100772204
100689317
100752385
100759060
100770695
100755018
100767436
100764885
100761164
100755796
100762019
100757777
100774216
100761226
100764464
100761230
100765601
100759029
100760661
100774466
100767335
100754900
100752172
100754659
100774847
100754895
100754506
100755962
100760402
100757917
100757051
100758673
100766800
103159960
100689322
100773134
100773231
0001
100761558
100756666
100767789
100763494
100762279
100767124
100757239
100768656
100774527
100771106
100774295
100772808
100751688
100772187
100767935
100752334
386757
100755213
100753777
100774248
100750580
1431
100758964
100689101
100764208
100754404
100689094
100689242
100770719
100689314
3979185
3979186
3979189
100770670
100757022
100765757
100768321
100764001
100757101
100766809
100768457
103163474
103161269
100756540
100767351
100764866
100772782
103158861
100756118
100759281
100755207
100767292
100764018
100762701
100761465
100759549
100766959
100761903
100756398
100763079
100772471
100751499
100758725
100758878
100768660
100769017
100767657
100773890
100766611
100774785
100753143
100750822
100759002
100762374
100763175
100766032
100766805
100768142
100771461
100765588
100774773
3979182
100751590
100773531
100772751
103160118
100762141
100752127
100760315
100764546
100761418
100765566
100767730
100754972
100689250
100754740
100760992
83549
100754791
100768838
100770430
100771387
100757224
100769284
100769779
100753343
100765113
100771821
100751991
100689280
100752401
100757688
100766426
100758427
51022
100773572
100769832
100754177
100755851
100759241
100751269
100766524
100689241
100774222
100773350
100763456
10455
100766785
100751299
1633
100751791
100758232
100764118
100759109
100753128
100759323
100770660
100750890
100772984
100757464
100757171
107977238
100773095
100774981
100755985
100770439
2987
100769222
100770570
100766656
100753506
6515
100765605
100765024
100769920
100689275
100771700
100753569
100771298
100760423
100774864
100753544
100767025
6783
100763633
100689028
100756632
100752636
100755197
100759148
100769495
100755665
100759869
100768978
100753881
100761676
100767722
100754883
100759503
100750518
100751104
100751727
100771064
100762713
100773025
100768307
100756090
100762815
100753174
100760867
100761682
100774291
100769919
100756461
100755382
100763274
100774029
100773126
100773414
100754767
103158732
100755259
100767387
100762811
100759406
100765294
100751391
100752084
100761712
100768385
100753783
100766150
100753866
100689451
100689294
100689420
100772003
100755062
100770096
100755033
100764752
100758693
100761411
100752294
100773003
100774258
100763775
100757898
100766080
100770062
100761944
100757548
5223
100766541
100772754
100768592
100762399
100750675
51071
100770521
100755252
100765169
1806
100689285
100771420
100758277
4860
100761578
100768122
1854
100757367
100767445
100765639
100771815
100751803
100752322
100756133
100756392
100756477
100757061
100758084
100758234
100758519
100759096
100759379
100759743
100759860
100760755
100760924
100761046
100761687
100761952
100765603
100767165
100771104
100771391
100771682
100772096
100772516
100772895
100754028
100682532
100771169
100752856
100758414
2023
100756894
100756146
100772065
100773221
100759262
100760145
100758144
100753078
100763190
100766811
100765795
100769105
100768825
100751648
100755723
100751492
100752583
100767739
100755056
100751305
100767354
100755162
100760496
100773264
100762894
2182
51703
100767465
100754940
100774317
100774858
100763438
100753555
100764278
100772448
100765668
100752449
100774830
100751291
100761652
100767149
100767921
100768211
100768783
100769255
100755384
100773614
100750743
1579
103158536
100757558
100767514
100761725
100766230
100771717
100760749
100755179
226
103159994
103160952
100761248
107977519
100754096
100762756
100761571
100768313
100771835
100764152
100752211
100765093
100760537
100762089
100764508
100772406
100753159
100770310
100767807
100756307
100753849
100753439
100689102
100753846
100764157
100752219
100773211
100751376
52
100774575
100682535
100761503
100757832
100689022
100767405
100750908
100756706
100773299
100761956
100752981
66035
100758999
100750825
100754097
100758328
10588
100772371
100763862
286297
100767336
100773523
100756134
100752441
100773218
100757944
100766004
100757047
100751185
103158538
100689278
2525
100689036
100771009
100765573
100768412
100689347
100689438
100772179
100773663
100766128
100761133
100689210
100770090
100689469
100765147
100758396
100755431
100770346
100755964
100756367
100755837
100751905
100764682
100757135
100756945
100754969
100770830
55454
100765856
100770803
100767985
100751126
100763868
100767525
100768831
100764127
100762043
100766936
100753226
100773797
100768523
100757219
100758359
100772146
100765247
100759781
100767393
100764829
100750837
100761752
26290
8693
100767281
100767598
100769652
100689325
100770888
100769016
8972
100736557
100767862
100759100
2597
100689446
100754017
100758127
100760062
100769961
100755812
100767777
100767691
100754678
100765199
100756635
100772646
2629
100771256
100767063
100764462
100754996
100762555
100765652
100756550
100763091
2653
100774281
100753765
100751085
100763488
2651
100753417
100765129
100689382
100772319
100754505
100750532
100750358
100767191
103159270
2673
100689348
100751581
100774679
100751671
100770628
100769788
8908
100763802
100764088
100758668
100752303
100761732
100774283
100773080
100754714
100752709
100772279
100755610
100757362
100754874
100760284
100689334
100751585
100750701
100689419
100756696
100757611
100758983
100762108
100766710
100758914
100689054
100773644
100754023
100751999
100761218
100770000
100757071
100768670
100769228
100769616
144195
100750542
100759273
100758893
6526
100760313
100757783
100764163
2752
100764367
100763536
100767432
100753288
100769186
100757350
100752019
100750530
100759948
100689202
100774486
100760149
100757019
100765390
100773912
100756172
100763319
100756941
100752846
100771827
100773170
100774725
100771783
100750723
100773449
100762572
100766079
100752744
100751558
100772598
100760137
100758981
100753140
100770084
100764600
100765959
2713
100762968
100765715
100772931
100770474
100759190
1200
100751073
100759799
100761450
100774471
100689436
100758075
100765304
100756126
100769585
100774953
100772246
100758424
100760138
100750356
100757074
100772527
100759511
100761032
100764842
100761026
100757970
100751356
100771188
100765235
100756109
100766519
100775000
7001
5052
2879
100766810
100764638
100773693
100753200
2679
100750667
100750501
100752423
100754759
100755503
100757969
100772356
100774587
100769238
100768699
100772822
100752832
2974
100760443
100769768
100763866
100760306
100760543
100758512
100766856
103161867
103161868
103163420
100756588
100767954
100768251
100761447
100766917
100754838
100755703
100757934
103162274
100770125
100775017
100773031
100774306
100774594
100689090
100689301
100774175
100768920
103159088
100750866
100751897
100762147
100751584
100753284
100757820
100753681
100754462
100764471
100764768
100765057
100752960
100758683
100754734
100758702
100769259
100755419
100768750
100752607
100754196
100756257
100760390
100760677
100761433
100765172
100769849
100771949
100772227
100772435
100774549
100774844
760
765
100751357
100770177
100764526
100774391
100752599
100770342
100768567
100762692
100773918
100773344
100750886
100764175
100774971
100764893
100750622
100765524
100689380
100766326
100761996
100761041
100765538
100757689
100751055
100757895
103162307
100755903
100762427
100752461
100755180
100767310
100770901
100766143
100682536
100763110
100765413
100772205
100765901
100765703
100768751
100773592
100762426
100760581
11112
100753802
100753889
100757635
100757923
100771448
100767384
100750430
100765522
100757819
100756363
100762235
100774684
100763147
100755385
100756410
100756872
100773727
100769104
100754164
100761139
100760812
100762553
100767370
100752143
100774763
100767919
100751666
100755391
100752593
100762502
100766725
100767644
103163008
100770922
3283
100772588
3284
100754260
100771073
100764721
100755599
100758980
100758689
100772970
100758598
100770799
100767752
100754480
100771661
100751753
100772968
3419
100758958
103158535
100764431
100774668
100767663
100763658
100752344
100754316
100758227
100757617
100760550
100689398
100756277
100750437
100752668
100752366
91734
100751457
100752265
100761589
100754101
100751159
100764745
100771685
100768413
100763359
100772925
100769981
100759611
100765249
100750932
100751451
100774782
387775
100752070
100768932
100764360
100758963
100764266
100756678
100757956
100756154
100762189
100753498
100750927
100755288
100759021
1178
29124
100768815
100772716
103161085
100768200
100770825
100774195
100761245
100765858
100754943
100751009
100766440
100689191
100768979
100753746
100756973
100767455
100765125
100769391
100761489
100768312
100761810
100761374
100751227
100750935
100766418
100761083
100758718
100762115
100769559
100768365
100753500
100756865
100764249
100759236
100774867
103162531
4056
100767396
100754544
100771005
100755145
100764568
100767175
100774155
100765697
100767367
100774411
100753962
100756731
100758055
100765637
100760424
100769417
100766475
100766627
100689246
100757006
100764014
100682529
100768637
100766200
100774333
100689076
100760589
100760162
100771275
100753385
100774638
100764455
100764604
100768417
100770033
100755105
100769303
100765276
100760573
100756512
100764596
100771229
100756739
100759191
100756246
100764352
100763194
100774834
100771311
100767908
100764482
1557
100752327
100772831
100758089
100763416
100756755
100771401
100751653
100689098
100752162
100753910
100764570
100775078
100756335
100771510
100762387
100764155
100759806
100755765
100772629
100751850
100757174
100760037
100761777
100764735
100772102
100759837
100767245
100771589
100768438
100755639
107977052
100751422
100770355
100774983
100772914
100763112
100760520
100770104
100762316
100767831
100756245
100760280
100767441
100769408
100772883
100759816
100767553
100770527
100761494
100763022
100765277
100769277
100761485
4507
100287639
100760811
100770086
100774930
100765916
100763379
100761169
56913
100763612
100767695
100754527
9390
100756372
100751938
100689328
100754444
100775032
100764988
100760870
100750797
100755602
100770579
100770644
100773563
100767451
100772543
100757306
100762893
100754039
100774095
100757431
100762129
100757916
100765445
100754222
100752642
100759795
100754681
100689361
100757245
100757242
100761076
100754223
100768067
100761333
100773999
100770445
100751523
100766693
100755890
100766880
100766442
100765100
3979183
3979184
3979190
3979179
3979178
3979180
3979181
103160345
103162917
100768936
100755007
100756458
100764109
100768089
100755696
100773468
100771407
100751670
100774024
100773077
100753604
100762326
100767494
100755928
100757298
100689320
100757585
100766142
100768229
100761317
100755156
100766358
100758081
100758236
100764911
100773154
100752949
100762640
107977131
100767250
100771637
9583
107980392
100765914
100765627
100752009
100762945
100763307
100774762
100757593
100764399
100754688
100761861
100769027
100771233
100761270
103160971
100767492
100755205
100767696
100768410
201288
4843
645740
100770704
100766881
100751678
100754626
100772029
100757729
100763203
100763224
103164123
103161711
100763224103164123
100768928
100757075
100765193
100773030
100755966
100772070
100759374
100753496
100767091
100766612
100763065
103158988
100760718
100758209
100763191
100763478
100771378
100757379
100765669
100762833
100773620
100761890
100766113
100771204
100772647
107977136
64064
100762397
100762875
100771257
100762187
100756786
100752451
100755549
100751960
4953
100771896
100757046
100756772
103159861
100767475
100762932
100752606
100768882
107977023
100771648
1584
1585
100769024
100689034
100772358
1553
1548
100750508
100771066
1558
1559
100771787
100759356
100769865
66002
11283
9420
100770995
100758600
100771171
100770286
100774126
100756174
100764774
5049
100769497
100754867
100751071
100774957
100751941
100758269
100767088
347734
100754811
100765198
100774607
100756975
100763581
100763292
100751265
100757984
100759968
100765138
100767948
100761170
100773257
100756336
100756251
100751875
100689404
100752582
100763114
100770231
100771266
100774081
100764465
100762939
100763844
100768993
100758970
100689193
100750420
100751551
100753277
100754362
100755939
100756511
100759696
100759944
100760222
100762910
100770327
100774584
100774886
100774969
100775064
100755315
100765436
100766007
100762641
100752813
100764811
100762580
100753606
1007654360
100774853
100774878
100773493
100772790
5162
100753308
100758749
100762618
100751501
100762127
100754270
5214
100774394
26227
100768035
100762704
100774202
100770965
100758776
100689468
100757024
100689467
100755186
375056
100774660
100770749
100770052
100753184
100761029
100771643
100770590
100763640
100689449
100751220
100770867
100767729
100774147
100774433
100766724
100767330
100754427
100766714
100774376
100760139
103159001
100763673
100761130
100756279
100766986
51660
25874
100774732
100764294
100753123
5728
100764873
100774472
100750926
100753298
100772168
100750781
100761523
100758814
100774028
100766683
100770939
100754286
100761595
100758361
100765223
100755254
100766663
100756055
100770133
100758487
100689251
100689252
100769225
100750761
100771181
100774067
10870
100765862
100751224
100757444
100767770
100774848
100754031
100759620
100763459
100760460
100754217
100752475
100770957
100751979
100760134
100769697
100772560
100751872
100760731
100769053
100751509
100751518
100754324
100756350
100767102
100764086
100765741
100772999
100760756
100773712
100769477
100763403
100769454
100752242
51227
5277
100769548
100758020
100756142
100755263
100755554
100759469
100755850
100771562
100689023
100689024
100689025
100773189
100754559
103158591
100770894
100770605
100751421
100763234
5320
100767324
100754426
100755005
100761323
100764593
100754712
100754136
100765755
100756208
100753835
5319
100769695
100755739
100753146
100762175
100752256
60559
9789
100765196
100759992
100758392
100753131
103158569
100750608
8875
55350
100768771
100768798
100767141
100773397
100761516
100768564
100770708
100771074
100757873
100769185
100771604
100766866
100756805
100752314
100766343
100759926
100765530
100768962
100752686
9588
100752227
4353
100760956
100765314
100768387
100773901
100750856
100757890
100689433
100760683
100766769
100772350
100771580
100765635
100751506
100770567
100758677
100765660
100773768
100769654
100768613
100752954
100764716
100759947
100766778
100762873
100757133
100763323
100769028
100770352
100758911
100752118
100762979
100771190
100753319
100751998
100763004
100768213
100766600
100753359
100689276
100760295
100753925
100755894
100689310
100753545
100689051
100764967
100767893
100759137
100759532
5631
100769786
100689093
100760751
100689192
100755202
8781
100762075
100763873
100689448
100750408
100758494
10965
100774016
100773294
103159360
100755514
100750756
100689427
100757665
100768396
100751202
8566
100755461
100751347
5315
100752663
100764720
100766772
100689311
2944
100767410
100759830
100763881
100761577
100773906
100751871
100771741
100772460
8608
100759583
100757118
100759877
100773401
100765162
100760372
100759393
100756186
641371
100774219
100771343
100755743
100773932
100767345
100767749
100762703
100760126
100750340
100755423
100751325
100763430
103163585
100751798
54600
10720
7367
7363
7364
54578
54657
54659
54579
7365
7366
54490
54577
54575
54658
100774083
100754371
100750691
373156
100771290
100753220
100750644
100756748
100761937
100753937
100750792
100763538
1555
1549
1573
199974
57834
100767563
100751382
100761681
100757667
100757381
100756609
100762211
100772743
103158533
100759787
100760248
100762876
100763166
100763652
100765152
100765441
100757792
100758189
100757466
100772408
100754187
100767638
100767488
100760027
100757023
100762475
100758803
100755845
100759942
100755690
100750993
100766101
100764912
100760982
100754513
100754156
100765460
100759832
100767472
100760680
100755742
100766844
100751282
100755604
100762645
100769706
100760805
100754072
100767520
100758205
100754830
100752999
100757843
100760363
100762946
100753139
100767495
100755521
100756173
100766803
100759490
100761591
100768429
100752542
50484
100751894
100773335
54981
100756130
100765051
22934
100689389
100763756
100689440
100754088
100767717
113830741
100689187
100760763
100760748
107977047
100763345
100759378
100763965
100770573
103160380
100765580
100766299
103160379
103159083
103160009
113836795
100762689
103162797
100753239
100771243
103163173
100771304
113189
100759794
100767419
100759418
100770004
23563
4166
100774066
100758880
103163077
100765877
100689173
100763313
100770659
100751161
100768510
100762102
100759779
100761300
3176
100761121
100766871
100751427
100774221
100757983
100689326
100689415
100770263
100765356
100689195
100769771
100774799
2098
100761441
100754185
100766850
100774790
100762053
100755276
100755684
100753418
100760557
100771550
100766719
100760913
100764091
100756633
100757714
100771284
100766250
100758091
100757800
100765091
100765292
100760320
6697
100753198
100769680
6611
100764834
100770919
100755392
100773805
100754706
1006891870
100771326
113836690
100764454
100762285
100757138
100759381
100750766
100774188
412
100750732
100774657
100689402
100771246
100772110
103161641
100770206
100771880
100755754
100775003
100768542
100689344
6888
100767620
100767329
100764271
100766566
23530
100759874
100763232
100757463
100764351
100769555
100773026
100772235
100762444
100753739
100774757
100765192
100757336
100772462
100774058
100754020
8277
100768444
100757152
100754276
7298
100757720
55217
100767338
7167
286016
100771594
100770105
100760905
100770343
100759542
100757546
100767923
100763947
100768126
100767856
100772881
100752115
100758998
100772642
100760127
100774614
100751260
100751113
100759306
113830648
100768154
100771350
100769679
100756934
100689031
100767827
7358
100751278
23169
100759470
100689394
100689030
100763471
100755955
100758724
100689432
100752522
54576
100762380
100762963
100757472
100761511
100773795
100774089
113833667
100763963
100764380
100769994
100755870
100765055
103159499
100766626
100750577
100756878
100759604
107980432
100769825
100751155
100755397
100775027
100774627
100759674
100767442
100768099
100752157
100758147
100764156
100751461
100774781
100753680
100754926
100766982
100767136
100772645
100751596
100752281
100750884
100751586
2512
2495
100759055
100526794
100761102
728441
102724197
102724560
102495669
100763768
103163025
8418
60496
100773651
107976994
7263
100689360
2350
100767276
100752560
100764394
100769198
100764690
100770058
